Input neurons/output neurons,16,32,48,64,80,96,112,128,144,160,176,192,208,224,240,256,272,288,304,320,336,352,368,384,400,416,432,448,464,480,496,512,528
16,4,8,12,16,20,24,28,32,36,40,44,48,52,56,60,64,68,72,76,80,84,88,92,96,100,104,108,112,116,120,124,128,132
32,8,16,24,32,40,48,56,64,72,80,88,96,104,112,120,128,136,144,152,160,168,176,184,192,200,208,216,224,232,240,248,256,264
48,12,24,36,48,60,72,84,96,108,120,132,144,156,168,180,192,204,216,228,240,252,264,276,288,300,312,324,336,348,360,372,384,396
64,16,32,48,64,80,96,112,128,144,160,176,192,208,224,240,256,272,288,304,320,336,352,368,384,400,416,432,448,464,480,496,512,528
80,20,40,60,80,100,120,140,160,180,200,220,240,260,280,300,320,340,360,380,400,420,440,460,480,500,520,540,560,580,600,620,640,660
96,24,48,72,96,120,144,168,192,216,240,264,288,312,336,360,384,408,432,456,480,504,528,552,576,600,624,648,672,696,720,744,768,792
112,28,56,84,112,140,168,196,224,252,280,308,336,364,392,420,448,476,504,532,560,588,616,644,672,700,728,756,784,812,840,868,896,924
128,32,64,96,128,160,192,224,256,288,320,352,384,416,448,480,512,544,576,608,640,672,704,736,768,800,832,864,896,928,960,992,1024,1056
144,36,72,108,144,180,216,252,288,324,360,396,432,468,504,540,576,612,648,684,720,756,792,828,864,900,936,972,1008,1044,1080,1116,1152,1188
160,40,80,120,160,200,240,280,320,360,400,440,480,520,560,600,640,680,720,760,800,840,880,920,960,1000,1040,1080,1120,1160,1200,1240,1280,1320
176,44,88,132,176,220,264,308,352,396,440,484,528,572,616,660,704,748,792,836,880,924,968,1012,1056,1100,1144,1188,1232,1276,1320,1364,1408,1452
192,48,96,144,192,240,288,336,384,432,480,528,576,624,672,720,768,816,864,912,960,1008,1056,1104,1152,1200,1248,1296,1344,1392,1440,1488,1536,1584
208,52,104,156,208,260,312,364,416,468,520,572,624,676,728,780,832,884,936,988,1040,1092,1144,1196,1248,1300,1352,1404,1456,1508,1560,1612,1664,1716
224,56,112,168,224,280,336,392,448,504,560,616,672,728,784,840,896,952,1008,1064,1120,1176,1232,1288,1344,1400,1456,1512,1568,1624,1680,1736,1792,1848
240,60,120,180,240,300,360,420,480,540,600,660,720,780,840,900,960,1020,1080,1140,1200,1260,1320,1380,1440,1500,1560,1620,1680,1740,1800,1860,1920,1980
256,64,128,192,256,320,384,448,512,576,640,704,768,832,896,960,1024,1088,1152,1216,1280,1344,1408,1472,1536,1600,1664,1728,1792,1856,1920,1984,2048,2112
272,68,136,204,272,340,408,476,544,612,680,748,816,884,952,1020,1088,1156,1224,1292,1360,1428,1496,1564,1632,1700,1768,1836,1904,1972,2040,2108,2176,2244
288,72,144,216,288,360,432,504,576,648,720,792,864,936,1008,1080,1152,1224,1296,1368,1440,1512,1584,1656,1728,1800,1872,1944,2016,2088,2160,2232,2304,2376
304,76,152,228,304,380,456,532,608,684,760,836,912,988,1064,1140,1216,1292,1368,1444,1520,1596,1672,1748,1824,1900,1976,2052,2128,2204,2280,2356,2432,2508
320,80,160,240,320,400,480,560,640,720,800,880,960,1040,1120,1200,1280,1360,1440,1520,1600,1680,1760,1840,1920,2000,2080,2160,2240,2320,2400,2480,2560,2640
336,84,168,252,336,420,504,588,672,756,840,924,1008,1092,1176,1260,1344,1428,1512,1596,1680,1764,1848,1932,2016,2100,2184,2268,2352,2436,2520,2604,2688,2772
352,88,176,264,352,440,528,616,704,792,880,968,1056,1144,1232,1320,1408,1496,1584,1672,1760,1848,1936,2024,2112,2200,2288,2376,2464,2552,2640,2728,2816,2904
368,92,184,276,368,460,552,644,736,828,920,1012,1104,1196,1288,1380,1472,1564,1656,1748,1840,1932,2024,2116,2208,2300,2392,2484,2576,2668,2760,2852,2944,3036
384,96,192,288,384,480,576,672,768,864,960,1056,1152,1248,1344,1440,1536,1632,1728,1824,1920,2016,2112,2208,2304,2400,2496,2592,2688,2784,2880,2976,3072,3168
400,100,200,300,400,500,600,700,800,900,1000,1100,1200,1300,1400,1500,1600,1700,1800,1900,2000,2100,2200,2300,2400,2500,2600,2700,2800,2900,3000,3100,3200,3300
416,104,208,312,416,520,624,728,832,936,1040,1144,1248,1352,1456,1560,1664,1768,1872,1976,2080,2184,2288,2392,2496,2600,2704,2808,2912,3016,3120,3224,3328,3432
432,108,216,324,432,540,648,756,864,972,1080,1188,1296,1404,1512,1620,1728,1836,1944,2052,2160,2268,2376,2484,2592,2700,2808,2916,3024,3132,3240,3348,3456,3564
448,112,224,336,448,560,672,784,896,1008,1120,1232,1344,1456,1568,1680,1792,1904,2016,2128,2240,2352,2464,2576,2688,2800,2912,3024,3136,3248,3360,3472,3584,3696
464,116,232,348,464,580,696,812,928,1044,1160,1276,1392,1508,1624,1740,1856,1972,2088,2204,2320,2436,2552,2668,2784,2900,3016,3132,3248,3364,3480,3596,3712,3828
480,120,240,360,480,600,720,840,960,1080,1200,1320,1440,1560,1680,1800,1920,2040,2160,2280,2400,2520,2640,2760,2880,3000,3120,3240,3360,3480,3600,3720,3840,3960
496,124,248,372,496,620,744,868,992,1116,1240,1364,1488,1612,1736,1860,1984,2108,2232,2356,2480,2604,2728,2852,2976,3100,3224,3348,3472,3596,3720,3844,3968,4092
512,128,256,384,512,640,768,896,1024,1152,1280,1408,1536,1664,1792,1920,2048,2176,2304,2432,2560,2688,2816,2944,3072,3200,3328,3456,3584,3712,3840,3968,4096,4224
528,132,264,396,528,660,792,924,1056,1188,1320,1452,1584,1716,1848,1980,2112,2244,2376,2508,2640,2772,2904,3036,3168,3300,3432,3564,3696,3828,3960,4092,4224,4356

